[gd_scene format=3 uid="uid://cmj6lb4md2mr6"]

[ext_resource type="PackedScene" uid="uid://dcvjvuk4wmmb" path="res://block.tscn" id="1_3hls8"]
[ext_resource type="Script" uid="uid://ckbep8us68ijn" path="res://Level_1.gd" id="1_bjebc"]
[ext_resource type="PackedScene" uid="uid://i3d7c05eenck" path="res://Chunk1.tscn" id="2_5rr72"]
[ext_resource type="PackedScene" uid="uid://dogbagg1eyn7b" path="res://steve.tscn" id="2_hbghi"]
[ext_resource type="PackedScene" uid="uid://bp8nkgyfqyjse" path="res://coin.tscn" id="3_hn12h"]
[ext_resource type="PackedScene" uid="uid://bdm1j3u4e7npk" path="res://sign.tscn" id="4_ihfcg"]
[ext_resource type="PackedScene" uid="uid://c1h2ljih3p2wj" path="res://wall.tscn" id="5_rka8t"]
[ext_resource type="PackedScene" uid="uid://5t7wdymvtp4n" path="res://barrier.tscn" id="6_5hph3"]
[ext_resource type="PackedScene" uid="uid://bcdq6t36vkuij" path="res://Arch.tscn" id="7_j7kpp"]

[sub_resource type="BoxMesh" id="BoxMesh_ilcil"]
size = Vector3(10, 0.5, 10)

[sub_resource type="BoxShape3D" id="BoxShape3D_3hls8"]
size = Vector3(10, 0.5, 10)

[node name="Level1" type="Node3D" unique_id=872565340]
script = ExtResource("1_bjebc")
possible_chunks = Array[PackedScene]([ExtResource("2_5rr72")])

[node name="Floor" type="StaticBody3D" parent="." unique_id=706325752]
transform = Transform3D(1, 0, 0, 0, 1, 0, 0, 0, 1, 0, -0.253564, 0)

[node name="MeshInstance3D" type="MeshInstance3D" parent="Floor" unique_id=1653453096]
transform = Transform3D(1, 0, 0, 0, 1, 0, 0, 0, 1, -0.002175331, 0.042045593, 0.025629044)
mesh = SubResource("BoxMesh_ilcil")

[node name="CollisionShape3D" type="CollisionShape3D" parent="Floor" unique_id=773643472]
shape = SubResource("BoxShape3D_3hls8")

[node name="DirectionalLight3D" type="DirectionalLight3D" parent="." unique_id=746119734]
transform = Transform3D(1, 0, 0, 0, -0.5186091, 0.8550115, 0, -0.8550115, -0.5186091, 0, 8.982597, -1.4138145)
shadow_enabled = true

[node name="Chunk1Spawn" type="Marker3D" parent="." unique_id=854238775]
transform = Transform3D(1, 0, 0, 0, 1, 0, 0, 0, 1, 0, 0, 25)

[node name="Steve" parent="." unique_id=1076471443 node_paths=PackedStringArray("camera") instance=ExtResource("2_hbghi")]
transform = Transform3D(1, 0, 0, 0, 1, 0, 0, 0, 1, 0.28980923, 0.2785461, -2.0206666)
jump_velocity = 9.0
rise_gravity_mult = 1.2
mouse_sensitivity = 0.42
camera = NodePath("Camera3D")

[node name="Camera3D" type="Camera3D" parent="Steve" unique_id=2106905048]
transform = Transform3D(-0.99881804, 0.042634573, -0.023340847, 0.033488594, 0.95167625, 0.30527183, 0.035228077, 0.30412936, -0.95197916, -0.38921738, 2.6207132, -3.3018837)

[node name="Block" parent="." unique_id=1241421418 instance=ExtResource("1_3hls8")]
transform = Transform3D(0.91356677, -0.31721473, -0.2545007, 0.4066888, 0.7125763, 0.5716985, 0, -0.6257873, 0.7799937, 3.1870818, 2.4165757, -0.23527563)

[node name="Coin" parent="." unique_id=43698102 instance=ExtResource("3_hn12h")]
transform = Transform3D(1, 0, 0, 0, 1, 0, 0, 0, 1, -3.9927716, 3.5763927, 15.899427)

[node name="sign2" parent="." unique_id=1232386522 instance=ExtResource("4_ihfcg")]
transform = Transform3D(0.8004385, 0, -0.5994148, 0, 1, 0, 0.5994148, 0, 0.8004385, -2.2445717, 0.027272224, 2.9827757)

[node name="barrier_4x1x4" parent="." unique_id=588132630 instance=ExtResource("5_rka8t")]
transform = Transform3D(-1.0751058e-07, 0, -0.803027, 0, 1, 0, 2.4595556, 0, -3.5101422e-08, 5, 0, 0)

[node name="barrier_4x1x5" parent="." unique_id=153882260 instance=ExtResource("5_rka8t")]
transform = Transform3D(-1.0751058e-07, 0, -0.803027, 0, 1, 0, 2.4595556, 0, -3.5101422e-08, -5, 0, 0)

[node name="arch_wide_red" parent="." unique_id=1996727198 instance=ExtResource("7_j7kpp")]
transform = Transform3D(1.6470613, 0, 0, 0, 1, 0, 0, 0, 1, 0, 0, 5)

[node name="barrier_4x1x1" parent="." unique_id=1075724838 instance=ExtResource("6_5hph3")]
transform = Transform3D(2.3992398, 0, 0, 0, 1, 0, 0, 0, 1, 0, -0.004, -4.458)

[node name="barrier_4x1x6" parent="." unique_id=1849826266 instance=ExtResource("5_rka8t")]
transform = Transform3D(-0.6952919, 0, -8.073356e-08, 0, 1, 0, 6.0784345e-08, 0, -0.92348427, 4, 0, 5.034)

[node name="barrier_4x1x7" parent="." unique_id=896164654 instance=ExtResource("5_rka8t")]
transform = Transform3D(-0.6952919, 0, -8.073356e-08, 0, 1, 0, 6.0784345e-08, 0, -0.92348427, -4, 0, 5.034)
